opt-x-abs-tol = 0.000001
opt-f-abs-tol = 0.00001